PERCENTAGE

18.5074
11.629
11.0205
8.58174
8.27022
5.42271
4.7932
4.55191
4.53238
2.29585
1.76156
1.50993
1.31776
1.23317
0.782901
0.542041
0.533424
0.524806
0.508577
0.489905
0.451988
0.40689
0.35418
0.307789
0.291703
0.288687
0.251631
0.24761
0.212278
0.21156
0.205815
0.181686
0.175654
0.172781
0.171632
0.169765
0.163876
0.159998
0.152817
0.144918
0.140753
0.13314
0.124236
0.120501
0.115044
0.110448
0.107432
0.102405
0.102261
0.100681
0.0996758
0.0953671
0.0947926
0.0945053
0.0838771
0.0820099
0.0810046
0.0808609
0.0808609
0.0768394
0.0718126
0.0695146
0.0642004
0.0633387
0.0620461
0.0610407
0.0594608
0.0588863
0.0508433
0.0506997
0.0479708
0.0462473
0.0432312
0.042513
0.0420822
0.0406459
0.0392097
0.0376298
0.0360499
0.0351882
0.0349009
0.0338955
0.0327465
0.0320284
0.0315975
0.0314539
0.0303049
0.0303049
0.028725
0.0284378
0.0278633
0.0277196
0.0277196
0.027576
0.0267143
0.0267143
0.025278
0.0251344
0.0248471
0.0247035
0.0235545
0.0228364
0.0225491
0.0221183
0.021831
0.021831
0.0216874
0.0215438
0.0212565
0.0202511
0.0201075
0.0201075
0.0198203
0.0198203
0.0198203
0.0188149
0.0185276
0.0180968
0.0179531
0.0175223
0.0173786
0.017235
0.017235
0.0170914
0.0170914
0.0170914
0.0168041
0.0168041
0.0165169
0.0165169
0.016086
0.0159424
0.0159424
0.0157988
0.0155115
0.0153679
0.0152243
0.014937
0.0147934
0.0140753
0.0140753
0.0139316
0.0139316
0.0135008
0.0129263
0.0129263
0.012639
0.0124954
0.0124954
0.0123518
0.0122081
0.0122081
0.0122081
0.0120645
0.0120645
0.0119209
0.0117773
0.0117773
0.0117773
0.01149
0.01149
0.0113464
0.0112028
0.0110591
0.0110591
0.0110591
0.0110591
0.0109155
0.0107719
0.0106283
0.0104846
0.0104846
0.010341
0.0101974
0.0100538
0.00991013
0.00991013
0.00991013
0.00991013
0.00976651
0.00976651
0.00962288
0.00962288
0.00962288
0.00947926
0.00947926
0.00947926
0.00947926
0.00933563
0.00919201
0.00919201
0.00904838
0.00876113
0.00876113
0.00861751
0.00833026
0.00818663
0.00818663
0.00818663
0.00804301
0.00789938
0.00761213
0.00761213
0.00761213
0.00746851
0.00732488
0.00703763
0.00703763
0.00703763
0.00689401
0.00689401
0.00675038
0.00675038
0.00675038
0.00675038
0.00660676
0.00660676
0.00660676
0.00646313
0.00631951
0.00631951
0.00631951
0.00631951
0.00631951
0.00631951
0.00631951
0.00631951
0.00617588
0.00617588
0.00617588
0.00617588
0.00603226
0.00603226
0.00603226
0.00603226
0.00588863
0.00588863
0.00588863
0.00588863
0.00588863
0.00588863
0.00574501
0.00574501
0.00574501
0.00560138
0.00560138
0.00560138
0.00560138
0.00560138
0.00545775
0.00531413
0.00531413
0.00531413
0.00531413
0.0051705
0.0051705
0.0051705
0.0051705
0.00502688
0.00502688
0.00502688
0.00502688
0.00502688
0.00502688
0.00502688
0.00502688
0.00488325
0.00488325
0.00488325
0.00488325
0.00488325
0.00473963
0.00473963
0.00473963
0.00473963
0.004596
0.004596
0.004596
0.004596
0.004596
0.004596
0.00445238
0.00445238
0.00445238
0.00445238
0.00445238
0.00445238
0.00430875
0.00430875
0.00430875
0.00430875
0.00430875
0.00430875
0.00416513
0.00416513
0.00416513
0.00416513
0.00416513
0.00416513
0.0040215
0.0040215
0.0040215
0.0040215
0.0040215
0.0040215
0.0040215
0.0040215
0.0040215
0.00387788
0.00387788
0.00387788
0.00387788
0.00387788
0.00387788
0.00387788
0.00387788
0.00387788
0.00373425
0.00373425
0.00373425
0.00373425
0.00359063
0.00359063
0.00359063
0.00359063
0.00359063
0.00359063
0.00359063
0.00359063
0.00359063
0.00359063
0.003447
0.003447
0.003447
0.003447
0.003447
0.003447
0.003447
0.00330338
0.00330338
0.00330338
0.00330338
0.00330338
0.00330338
0.00315975
0.00315975
0.00315975
0.00315975
0.00315975
0.00315975
0.00315975
0.00315975
0.00315975
0.00301613
0.00301613
0.00301613
0.00301613
0.00301613
0.00301613
0.00301613
0.00301613
0.00301613
0.00301613
0.00301613
0.00301613
0.00301613
0.00301613
0.00301613
0.0028725
0.0028725
0.0028725
0.0028725
0.0028725
0.0028725
0.0028725
0.0028725
0.0028725
0.00272888
0.00272888
0.00272888
0.00272888
0.00272888
0.00272888
0.00272888
0.00272888
0.00272888
0.00258525
0.00258525
0.00258525
0.00258525
0.00258525
0.00258525
0.00258525
0.00258525
0.00258525
0.00258525
0.00258525
0.00258525
0.00258525
0.00258525
0.00258525
0.00244163
0.00244163
0.00244163
0.00244163
0.00244163
0.002298
0.002298
0.002298
0.002298
0.002298
0.002298
0.002298
0.002298
0.002298
0.002298
0.002298
0.002298
0.002298
0.002298
0.002298
0.00215438
0.00215438
0.00215438
0.00215438
0.00215438
0.00215438
0.00215438
0.00215438
0.00215438
0.00215438
0.00215438
0.00215438
0.00215438
0.00215438
0.00215438
0.00201075
0.00201075
0.00201075
0.00201075
0.00201075
0.00201075
0.00201075
0.00201075
0.00201075
0.00201075
0.00201075
0.00201075
0.00201075
0.00201075
0.00201075
0.00201075
0.00201075
0.00201075
0.00201075
0.00201075
0.00186713
0.00186713
0.00186713
0.00186713
0.00186713
0.00186713
0.00186713
0.00186713
0.00186713
0.00186713
0.00186713
0.00186713
0.00186713
0.00186713
0.0017235
0.0017235
0.0017235
0.0017235
0.0017235
0.0017235
0.0017235
0.0017235
0.0017235
0.0017235
0.0017235
0.0017235
0.00157988
0.00157988
0.00157988
0.00157988
0.00157988
0.00157988
0.00157988
0.00157988
0.00157988
0.00157988
0.00157988
0.00157988
0.00157988
0.00157988
0.00157988
0.00157988
0.00157988
0.00157988
0.00157988
0.00143625
0.00143625
0.00143625
0.00143625
0.00143625
0.00143625
0.00143625
0.00143625
0.00143625
0.00143625
0.00143625
0.00143625
0.00143625
0.00143625
0.00143625
0.00143625
0.00143625
0.00143625
0.00143625
0.00129263
0.00129263
0.00129263
0.00129263
0.00129263
0.00129263
0.00129263
0.00129263
0.00129263
0.00129263
0.00129263
0.00129263
0.00129263
0.00129263
0.00129263
0.00129263
0.00129263
0.00129263
0.00129263
0.00129263
0.00129263
0.00129263
0.00129263
0.001149
0.001149
0.001149
0.001149
0.001149
0.001149
0.001149
0.001149
0.001149
0.001149
0.001149
0.001149
0.001149
0.001149
0.001149
0.001149
0.001149
0.001149
0.001149
0.001149
0.001149
0.001149
0.001149
0.001149
0.001149
0.001149
0.001149
0.001149
0.001149
0.001149
0.00100538
0.00100538
0.00100538
0.00100538
0.00100538
0.00100538
0.00100538
0.00100538
0.00100538
0.00100538
0.00100538
0.00100538
0.00100538
0.00100538
0.00100538
0.00100538
0.00100538
0.00100538
0.00100538
0.00100538
0.00100538
0.00100538
0.00100538
0.00100538
0.00100538
0.00100538
0.00100538
0.00100538
0.00100538
0.00100538
0.000861751
0.000861751
0.000861751
0.000861751
0.000861751
0.000861751
0.000861751
0.000861751
0.000861751
0.000861751
0.000861751
0.000861751
0.000861751
0.000861751
0.000861751
0.000861751
0.000861751
0.000861751
0.000861751
0.000861751
0.000861751
0.000861751
0.000861751
0.000861751
0.000861751
0.000861751
0.000861751
0.000861751
0.000861751
0.000861751
0.000718126
0.000718126
0.000718126
0.000718126
0.000718126
0.000718126
0.000718126
0.000718126
0.000718126
0.000718126
0.000718126
0.000718126
0.000718126
0.000718126
0.000718126
0.000718126
0.000718126
0.000718126
0.000718126
0.000718126
0.000718126
0.000718126
0.000718126
0.000718126
0.000718126
0.000718126
0.000718126
0.000718126
0.000718126
0.000718126
0.000718126
0.000718126
0.000718126
0.000718126
0.000718126
0.000718126
0.000718126
0.000718126
0.000718126
0.000718126
0.000718126
0.000718126
0.000718126
0.000718126
0.000718126
0.000718126
0.000718126
0.000718126
0.000718126
0.000718126
0.000718126
0.000574501
0.000574501
0.000574501
0.000574501
0.000574501
0.000574501
0.000574501
0.000574501
0.000574501
0.000574501
0.000574501
0.000574501
0.000574501
0.000574501
0.000574501
0.000574501
0.000574501
0.000574501
0.000574501
0.000574501
0.000574501
0.000574501
0.000574501
0.000574501
0.000574501
0.000574501
0.000574501
0.000574501
0.000574501
0.000574501
0.000574501
0.000574501
0.000574501
0.000574501
0.000574501
0.000574501
0.000574501
0.000574501
0.000574501
0.000574501
0.000574501
0.000574501
0.000574501
0.000574501
0.000574501
0.000574501
0.000574501
0.000574501
0.000574501
0.000574501
0.000574501
0.000574501
0.000574501
0.000574501
0.000574501
0.000574501
0.000574501
0.000574501
0.000574501
0.000574501
0.000574501
0.000574501
0.000574501
0.000574501
0.000574501
0.000574501
0.000574501
0.000574501
0.000574501
0.000574501
0.000574501
0.000574501
0.000574501
0.000574501
0.000574501
0.000574501
0.000574501
0.000574501
0.000574501
0.000574501
0.000574501
0.000574501
0.000430875
0.000430875
0.000430875
0.000430875
0.000430875
0.000430875
0.000430875
0.000430875
0.000430875
0.000430875
0.000430875
0.000430875
0.000430875
0.000430875
0.000430875
0.000430875
0.000430875
0.000430875
0.000430875
0.000430875
0.000430875
0.000430875
0.000430875
0.000430875
0.000430875
0.000430875
0.000430875
0.000430875
0.000430875
0.000430875
0.000430875
0.000430875
0.000430875
0.000430875
0.000430875
0.000430875
0.000430875
0.000430875
0.000430875
0.000430875
0.000430875
0.000430875
0.000430875
0.000430875
0.000430875
0.000430875
0.000430875
0.000430875
0.000430875
0.000430875
0.000430875
0.000430875
0.000430875
0.000430875
0.000430875
0.000430875
0.000430875
0.000430875
0.000430875
0.000430875
0.000430875
0.000430875
0.000430875
0.000430875
0.000430875
0.000430875
0.000430875
0.000430875
0.000430875
0.000430875
0.000430875
0.000430875
0.000430875
0.000430875
0.000430875
0.000430875
0.000430875
0.000430875
0.000430875
0.000430875
0.000430875
0.000430875
0.000430875
0.000430875
0.000430875
0.000430875
0.000430875
0.000430875
0.000430875
0.000430875
0.000430875
0.000430875
0.000430875
0.000430875
0.00028725
0.00028725
0.00028725
0.00028725
0.00028725
0.00028725
0.00028725
0.00028725
0.00028725
0.00028725
0.00028725
0.00028725
0.00028725
0.00028725
0.00028725
0.00028725
0.00028725
0.00028725
0.00028725
0.00028725
0.00028725
0.00028725
0.00028725
0.00028725
0.00028725
0.00028725
0.00028725
0.00028725
0.00028725
0.00028725
0.00028725
0.00028725
0.00028725
0.00028725
0.00028725
0.00028725
0.00028725
0.00028725
0.00028725
0.00028725
0.00028725
0.00028725
0.00028725
0.00028725
0.00028725
0.00028725
0.00028725
0.00028725
0.00028725
0.00028725
0.00028725
0.00028725
0.00028725
0.00028725
0.00028725
0.00028725
0.00028725
0.00028725
0.00028725
0.00028725
0.00028725
0.00028725
0.00028725
0.00028725
0.00028725
0.00028725
0.00028725
0.00028725
0.00028725
0.00028725
0.00028725
0.00028725
0.00028725
0.00028725
0.00028725
0.00028725
0.00028725
0.00028725
0.00028725
0.00028725
0.00028725
0.00028725
0.00028725
0.00028725
0.00028725
0.00028725
0.00028725
0.00028725
0.00028725
0.00028725
0.00028725
0.00028725
0.00028725
0.00028725
0.00028725
0.00028725
0.00028725
0.00028725
0.00028725
0.00028725
0.00028725
0.00028725
0.00028725
0.00028725
0.00028725
0.00028725
0.00028725
0.00028725
0.00028725
0.00028725
0.00028725
0.00028725
0.00028725
0.00028725
0.00028725
0.00028725
0.00028725
0.00028725
0.00028725
0.00028725
0.00028725
0.00028725
0.00028725
0.00028725
0.00028725
0.00028725
0.00028725
0.00028725
0.00028725
0.00028725
0.00028725
0.00028725
0.00028725
0.00028725
0.00028725
0.00028725
0.00028725
0.00028725
0.00028725
0.00028725
0.00028725
0.00028725
0.00028725
0.00028725
0.00028725
0.00028725
0.00028725
0.00028725
0.000143625
0.000143625
0.000143625
0.000143625
0.000143625
0.000143625
0.000143625
0.000143625
0.000143625
0.000143625
0.000143625
0.000143625
0.000143625
0.000143625
0.000143625
0.000143625
0.000143625
0.000143625
0.000143625
0.000143625
0.000143625
0.000143625
0.000143625
0.000143625
0.000143625
0.000143625
0.000143625
0.000143625
0.000143625
0.000143625
0.000143625
0.000143625
0.000143625
0.000143625
0.000143625
0.000143625
0.000143625
0.000143625
0.000143625
0.000143625
0.000143625
0.000143625
0.000143625
0.000143625
0.000143625
0.000143625
0.000143625
0.000143625
0.000143625
0.000143625
0.000143625
0.000143625
0.000143625
0.000143625
0.000143625
0.000143625
0.000143625
0.000143625
0.000143625
0.000143625
0.000143625
0.000143625
0.000143625
0.000143625
0.000143625
0.000143625
0.000143625
0.000143625
0.000143625
0.000143625
0.000143625
0.000143625
0.000143625
0.000143625
0.000143625
0.000143625
0.000143625
0.000143625
0.000143625
0.000143625
0.000143625
0.000143625
0.000143625
0.000143625
0.000143625
0.000143625
0.000143625
0.000143625
0.000143625
0.000143625
0.000143625
0.000143625
0.000143625
0.000143625
0.000143625
0.000143625
0.000143625
0.000143625
0.000143625
0.000143625
0.000143625
0.000143625
0.000143625
0.000143625
0.000143625
0.000143625
0.000143625
0.000143625
0.000143625
0.000143625
0.000143625
0.000143625
0.000143625
0.000143625
0.000143625
0.000143625
0.000143625
0.000143625
0.000143625
0.000143625
0.000143625
0.000143625
0.000143625
0.000143625
0.000143625
0.000143625
0.000143625
0.000143625
0.000143625
0.000143625
0.000143625
0.000143625
0.000143625
0.000143625
0.000143625
0.000143625
0.000143625
0.000143625
0.000143625
0.000143625
0.000143625
0.000143625
0.000143625
0.000143625
0.000143625
0.000143625
0.000143625
0.000143625
0.000143625
0.000143625
0.000143625
0.000143625
0.000143625
0.000143625
0.000143625
0.000143625
0.000143625
0.000143625
0.000143625
0.000143625
0.000143625
0.000143625
0.000143625
0.000143625
0.000143625
0.000143625
0.000143625
0.000143625
0.000143625
0.000143625
0.000143625
0.000143625
0.000143625
0.000143625
0.000143625
0.000143625
0.000143625
0.000143625
0.000143625
0.000143625
0.000143625
0.000143625
0.000143625
0.000143625
0.000143625
0.000143625
0.000143625
0.000143625
0.000143625
0.000143625
0.000143625
0.000143625
0.000143625
0.000143625
0.000143625
0.000143625
0.000143625
0.000143625
0.000143625
0.000143625
0.000143625
0.000143625
0.000143625
0.000143625
0.000143625
0.000143625
0.000143625
0.000143625
0.000143625
0.000143625
0.000143625
0.000143625
0.000143625
0.000143625
0.000143625
0.000143625
0.000143625
0.000143625
0.000143625
0.000143625
0.000143625
0.000143625
0.000143625
0.000143625
0.000143625
0.000143625
0.000143625
0.000143625
0.000143625
0.000143625
0.000143625
0.000143625
0.000143625
0.000143625
0.000143625
0.000143625
0.000143625
0.000143625
0.000143625
0.000143625
0.000143625
0.000143625
0.000143625
0.000143625
0.000143625
0.000143625
0.000143625
0.000143625
0.000143625
0.000143625
0.000143625
0.000143625
0.000143625
0.000143625
0.000143625
0.000143625
0.000143625
0.000143625
0.000143625
0.000143625
0.000143625
0.000143625
0.000143625
0.000143625
0.000143625
0.000143625
0.000143625
0.000143625
0.000143625
0.000143625
0.000143625
0.000143625
0.000143625
0.000143625
0.000143625
0.000143625
0.000143625
0.000143625
0.000143625
0.000143625
0.000143625
0.000143625
0.000143625
0.000143625
0.000143625
0.000143625
0.000143625
0.000143625
0.000143625
0.000143625
0.000143625
0.000143625
0.000143625
0.000143625
0.000143625
0.000143625
0.000143625
0.000143625
0.000143625
0.000143625
0.000143625
0.000143625
0.000143625
0.000143625
0.000143625
0.000143625
0.000143625
0.000143625
0.000143625
0.000143625
0.000143625
0.000143625
0.000143625
0.000143625
0.000143625
0.000143625
0.000143625
0.000143625
0.000143625
0.000143625
0.000143625
0.000143625
0.000143625
0.000143625
0.000143625
0.000143625
0.000143625
0.000143625
0.000143625
0.000143625
0.000143625
0.000143625
0.000143625
0.000143625
0.000143625
0.000143625
0.000143625
0.000143625
0.000143625
0.000143625
0.000143625
0.000143625
0.000143625
0.000143625
0.000143625
0.000143625
0.000143625
0.000143625
0.000143625
0.000143625
0.000143625
0.000143625
0.000143625
0.000143625
0.000143625
0.000143625
0.000143625
0.000143625
0.000143625
0.000143625
0.000143625
0.000143625
0.000143625
0.000143625
0.000143625
0.000143625
0.000143625
0.000143625
0.000143625
0.000143625
0.000143625
0.000143625
0.000143625
0.000143625
0.000143625
0.000143625
0.000143625
0.000143625
0.000143625
0.000143625
0.000143625
0.000143625
0.000143625
0.000143625
0.000143625
0.000143625
0.000143625
0.000143625
0.000143625
0.000143625
0.000143625
0.000143625
0.000143625
0.000143625
0.000143625
0.000143625
0.000143625
0.000143625
0.000143625
0.000143625
0.000143625
0.000143625
0.000143625
0.000143625
0.000143625
0.000143625
0.000143625
0.000143625
0.000143625
0.000143625
0.000143625
0.000143625
0.000143625
0.000143625
0.000143625
0.000143625
0.000143625
0.000143625
0.000143625
0.000143625
0.000143625
0.000143625
0.000143625
0.000143625
0.000143625
0.000143625
0.000143625
0.000143625
0.000143625
0.000143625
0.000143625
0.000143625
0.000143625
0.000143625
0.000143625
0.000143625
0.000143625
0.000143625
0.000143625
0.000143625
0.000143625
0.000143625
0.000143625
0.000143625
0.000143625
0.000143625
0.000143625
0.000143625
0.000143625
0.000143625
0.000143625
0.000143625
0.000143625
0.000143625
0.000143625
0.000143625
0.000143625
0.000143625
0.000143625
0.000143625
0.000143625
0.000143625
0.000143625
0.000143625
0.000143625
0.000143625
0.000143625
0.000143625
0.000143625
0.000143625
0.000143625
0.000143625
0.000143625
0.000143625
0.000143625
0.000143625
0.000143625
0.000143625
0.000143625
0.000143625
0.000143625
0.000143625
0.000143625
0.000143625
0.000143625
0.000143625
0.000143625
0.000143625
0.000143625
0.000143625
0.000143625
0.000143625
0.000143625
0.000143625
0.000143625
0.000143625
0.000143625
0.000143625
0.000143625
0.000143625
0.000143625
0.000143625
0.000143625
0.000143625
0.000143625
0.000143625
0.000143625
0.000143625
0.000143625
0.000143625
0.000143625
0.000143625
0.000143625
0.000143625
0.000143625
0.000143625
0.000143625
0.000143625
0.000143625
0.000143625
