@@TaxID

1313
621
1491
851
546
548
624
294
622
1463165
56
1352
28037
208962
9
47763
303
253
244366
1428
623
85698
550
481743
860
1813821
1303
1520
996
571
1639133
173
823
67827
1219
1404
1747
1598
217203
1812935
316
192
545
1492
1401
1405
1396
1134687
1076
1282
856
292
1421
1502
61652
54291
459526
564
1912
57706
384
470934
575
2077149
158822
35703
1905288
133448
28095
195
40324
2026240
300
1302
1499973
1703250
2077148
859
1351
1398
299767
54571
2077147
2529121
61645
95486
584
283686
358
1304
582
985002
2027919
1358
48296
1972757
238
1308
554
1778540
1736
76759
103855
1354
2500542
250
96345
28141
36745
217204
254
1501
614
201
1137606
32002
67824
174
54736
34085
72361
930166
1496
47917
210
1117645
587
106590
881260
2015795
1309
861
588
82996
1509
274
563
615
67825
1702170
169679
336810
1089444
53345
644
1334
408
158836
1408
1915310
959
55508
193
553814
2102
2099
553
34073
1397
648
233055
28197
450
380021
164514
1493872
1426
632
42197
33959
53346
135487
35
137545
561879
52584
46867
36873
104087
64104
549
536441
1334193
1328
727
2267618
1972431
1307
29449
61647
1283
37326
731
198620
1465
1920110
2488567
184914
1390
13690
542
730
263
1587
208224
1126
79880
2100
101571
75985
47466
456327
257758
1599
1241981
39645
172045
1478
1336
75105
47880
37329
28188
1908
134821
1241978
1124835
631
580165
51669
339
55518
24
221822
1648923
714
495
317
1920109
1764
1624
747
239935
147645
312306
29486
1922222
1584
1583098
1534
672
630
2052938
197
680
1664069
1402
1241982
732
511
29484
28131
28087
28035
2500543
139
87883
654
518
29303
204042
876
837
482957
196
916
57975
40214
34038
305
1245
53408
471
2066051
1636609
1393
1338
777
738
60552
47715
2487150
1796613
979
315405
296
28110
159
1579
645
61646
380
283734
2756
1901
134676
1311
1158459
784
78327
67780
663
485
2751
2350
2077137
1254
569
1915
1515
137591
986
375175
342113
1930557
190893
1905730
1638
1597
1580
106654
670
633
61435
47735
208223
160791
1464
817
715
691
628
480
33940
93220
488447
438
34062
2104
2051905
172
1305
121719
881
80869
76758
55601
29519
28038
216816
2113
2096
206
2025876
1965231
1580596
1406
1063
463025
38293
37734
33970
33941
233316
1920116
1315974
1280
576610
47883
446
37919
279058
1613
1488
1314
1288
729
68570
65058
636
386891
28903
2371
2095
2014
1648
1510
1346
1286
1238
119219
782
481146
213
1888
1686310
669
51663
38313
36855
28447
235
2151
1922226
158899
1582
1484157
1255
1184
1148
1108595
76853
62322
585
354356
314275
29471
29430
29385
251701
2153354
1969
1748
1452
1263550
1085624
945
83560
666
66269
61624
587753
487
486
47878
37332
343
33910
33050
33033
28108
265959
2336
2066049
1717
152480
85404
84531
813
79967
70775
60890
47850
382
288004
28448
2013114
1934254
1920128
1335
95485
853
83554
818
783
656366
577
49338
48
442
35806
1909395
83558
726
657445
470
40576
40215
396
364410
28025
2546350
2019568
2005469
199
1986952
1879050
1525
1392
1363
123899
76594
45634
43662
41899
37929
337
329
29438
29388
28251
2743
2305508
2066
1886
1744
1697053
169430
161493
1275
712633
588932
451
44251
298657
28118
2702
2108470
2098
204038
2027290
1685
1681
157782
1571
155892
1517
146919
1355477
126385
1079
107401
1049581
999
93218
84023
83655
693444
53336
47877
454
452
399
379067
35790
353
29461
28116
28077
260714
253239
2282310
223967
2218628
2183896
218208
2071627
2033438
1851167
1692238
1661
1639
1482
964
82985
67258
573
56459
552
53413
492670
419257
357276
346
314281
279113
2498113
2268026
222805
1830
1772
176102
1719
1718
168471
1636606
1563222
1504
1349
1295
1176587
1155739
104623
91844
83406
821
70255
696485
676
674
63612
519
48664
435897
413503
38323
375
35814
332055
28223
2420306
2315862
2259595
1809
180282
1791
1685010
1633874
1484158
1420917
13373
1292
128780
907
86660
80866
79329
741091
703
61648
539
536
477680
43657
43
395961
373994
35755
32046
29575
288
2487065
2153484
2109
2059884
2042057
204039
2018025
1985254
194963
1920114
187493
1841249
1804986
179636
1774
1767
1758196
1647413
1628392
1590
1522758
1416803
1310
1307839
1299
1284
1206
1193713
1191459
1176649
1168034
104
1019
94132
927083
897
891974
878220
83555
83455
826
80842
72000
68280
665099
65393
652
651561
528244
50719
43674
43357
430522
40269
379347
36809
34021
33996
333962
33035
320787
298654
285
28450
266
2562449
2528203
2508306
2494373
246
2447890
2420313
2296
2282309
2249356
2153385
2048283
1971
1964449
1938606
1889
1867
1837283
1834196
1833
1805933
1804
1795
1781
174633
1659194
1652495
1644131
1636608
1630693
1604
1589
158823
1583341
1570
1561
1560339
1497
1495638
1486991
1423
1306274
1297617
1270
1262452
114186
1108
108981
1085
103731
929813
90270
80816
794903
779
742013
709810
68895
68249
68192
638
616991
60550
565
521
513223
492
490
45398
44008
40137
357808
342950
34105
34
332101
33
321983
32054
314722
298653
296842
29518
29459
29380
293387
28449
28132
279826
272131
269673
2548456
2500132
2493673
246432
240427
2203210
2201271
214473
2077136
2057025
2049332
2027857
2005388
197614
1954171
1911587
1911
190721
1896961
1893
187452
1850093
1834207
1803846
178899
1769
1757
1749
1714849
1714848
1678028
1642299
1628086
1612173
1596
158850
1586287
1583
1550579
152297
1513
1445505
1415630
1402135
1379870
1355015
1297742
1281
1261031
1257021
118323
1165
105219
980427
96344
948
946333
94254
92945
92644
911092
85991
847
84030
833
795665
76860
716
69220
687
682998
673372
67267
669041
65959
658644
658630
652764
651
618
592316
589873
576611
55197
511062
497965
488
483937
482564
47884
47716
46234
454155
446692
442694
43771
41
40754
40216
398743
397865
379064
376805
374981
364317
363852
35554
354
33990
332411
326522
324767
301
29549
292566
28898
28198
28112
28091
28072
273384
262324
2518177
2487064
2478662
246273
2434
2426
2420305
240495
2382163
2267264
2202148
2169583
2169539
2109915
2109914
2055
2029983
2025808
2015076
200450
2003121
1984801
1935
193462
1933220
1922225
1914
1912897
1911175
188932
1884913
1884905
1870820
1853130
184917
1834519
182710
182337
181663
1785996
1768242
1758189
1727196
1727164
1717717
1704499
1680
1653831
164348
1610
1593482
158500
1546149
1538553
152682
152500
148447
1446467
1433513
1422
1411621
1411117
136609
135577
1353976
1327989
132132
1318
1312183
1310165
1278212
1244531
120576
1166950
1166130
114616
114
1082704
1038928
996801
99598
995
984
983544
955
946334
945844
944547
94122
93466
93064
92706
915
89059
88058
879274
864828
86304
860235
85701
84595
844
84112
84032
84022
839
83683
83559
83453
82987
82983
80867
79263
78587
77038
768493
76832
762954
75588
754476
754409
75293
739141
73141
722731
72
717609
712991
712710
70799
702114
69539
68909
689
68246
68214
68209
68179
68173
67304
668
665913
664962
663364
66084
658643
658641
658629
65741
65555
649831
64897
64160
640512
640510
63186
631220
63
622488
603050
59754
59600
591197
589436
584609
58180
58138
56957
56460
564064
563169
55206
546160
54299
53946
53461
53444
53399
53358
531813
529
52443
52
515393
51515
504
497725
493
488142
483547
482462
479978
47835
477641
458033
45658
45610
455432
453230
450367
44822
446683
445576
444103
44012
43948
43770
43767
437505
43675
43663
43658
435
42443
42239
421
419475
415229
414771
413888
413497
411153
409322
39960
39765
395962
394958
394751
38300
38289
377615
37636
375929
37330
373
36805
365349
363952
359
357794
35701
351745
351671
349221
347534
347
34018
33952
33934
33932
33903
33888
332163
332056
33059
33047
33025
326523
324057
316068
315358
313985
311230
311180
304895
29555
29553
29494
29485
294699
29382
29360
293089
293
287
28200
28129
28080
28068
270351
267128
266812
265960
265883
265293
261524
260554
257708
2575374
2575361
2571749
2570561
2565558
2565554
2560057
2557994
2552942
2547600
2547598
2546351
253245
253237
2518644
2509675
2509457
2508307
2502779
2500533
2500532
2499145
2496028
2494549
2494375
2494374
2493674
2493639
2492396
2489595
2487063
2483033
248026
2479393
2479367
2478663
2448483
244787
244566
2419842
2382161
2364272
2360
2341117
232259
2321403
2320868
2320270
2319843
231455
2305220
2304606
230089
2291597
2282738
2268087
2259647
2213057
2203204
2202142
2202141
2202000
2184053
216946
216933
216778
2135430
2133
2126553
2126346
2126319
2126069
2123
2116702
2111
2108362
2099786
2094021
208479
208439
2083052
2082387
2082193
2074
2073078
2072505
2067572
206662
2065379
2059672
2057808
2057800
2057741
2048897
2045208
2039166
2033032
2026799
2026
2020486
2020312
2020311
2018305
2018067
2015316
2014887
2005885
200451
2001
1987723
1986146
198467
1972846
1971364
196914
1967665
1941347
1940762
1940610
1940
1936081
1936080
1930532
1930
192812
1920191
1916
1914992
191495
190895
1907578
1906
189426
1894
189381
1891926
1891675
1891279
1888195
1882682
1879023
1878942
187145
1869241
1868135
1866
186189
1855912
1850526
1850250
1848580
1837130
183417
1833852
1827580
1827305
1824
1816219
1807358
1796616
1788301
1784714
1783515
1774273
1771
1768108
1763534
1761453
1761016
1759437
1758178
1752063
1751286
1750
1749259
1714860
171437
171279
1709477
1707785
1703
1702325
1695218
1694
169283
1688404
1683
1680158
1674922
1670800
167
166486
1654388
165096
1650
1643
1642647
1639108
1637853
1637837
1637831
1632864
1628753
1619313
1618207
1618022
1617448
1611770
1608957
1608628
1608473
1579316
1570330
1564506
1564
1563
155978
155866
155077
154
1538644
1538158
1537400
1536771
152794
1526571
152260
1514105
1511761
1503054
1500686
150055
1500254
1493
1492737
1490052
1484693
1484116
1468409
1462
1446792
1442032
1437453
1424294
142
1416806
1416614
141451
1409
1402861
1400053
1394
1389192
138563
1385592
1376
1356852
1355330
134537
133924
1337936
1331910
1331258
1325107
1324352
1316593
1307763
1296
1295392
129338
1283291
1280380
1273687
1273132
1267021
1265445
1239307
1236179
1234841
1215031
1211326
120962
1207504
1207075
1182571
1178516
1177712
1173027
1173026
1173025
1164
1149133
1147
1141883
1124597
111781
111501
1111069
1109743
1096856
109232
1082851
1080068
107709
1076596
1042156
1031542
1028989
1014
1010
1008
